1407.5116128921509
1381.2090747356415
1384.6066162586212
1384.7113134860992
1439.570115327835
1392.6140005588531
1440.6647489070892
1399.3010177612305
1425.2461404800415
1399.8380432128906
1388.3601412773132
1409.8119971752167
1372.8384783267975
1376.7438764572144
1398.6941628456116
1457.2069771289825
1460.3333973884583
1598.9817080497742
1842.5018541812897
1816.4080080986023
1417.2150869369507
1444.7905373573303
1460.0554950237274
1486.9776632785797
1441.6413445472717
1467.4611854553223
1495.628541469574
1407.0691521167755
1438.3829793930054
1414.3200542926788
1507.4507279396057
1713.953867673874
1674.539890050888
1664.5497405529022
1535.921557188034
1463.0548629760742
1528.8289592266083
1473.0769646167755
1513.7347869873047
1480.2502439022064
