2.7030584812164307
2.761232614517212
2.686385154724121
2.6715686321258545
2.6713409423828125
2.6821987628936768
2.667792797088623
2.749640703201294
2.676527976989746
2.6458945274353027
2.78731632232666
2.712277889251709
2.6798410415649414
2.7592198848724365
2.743410110473633
2.7087700366973877
2.7729623317718506
2.695831775665283
2.7282187938690186
2.7172462940216064
3.987344264984131
3.64615797996521
3.8122949600219727
3.673044443130493
3.641307830810547
3.7815425395965576
3.7598989009857178
3.726442575454712
3.5752365589141846
3.82155442237854
3.7413363456726074
3.7250871658325195
3.680011034011841
3.565415143966675
3.6845526695251465
3.739077091217041
3.6061596870422363
3.6412792205810547
3.5624747276306152
3.7414088249206543
