0.04310035705566406
0.009028434753417969
0.00782918930053711
0.008320331573486328
0.007884025573730469
0.00794363021850586
0.009006977081298828
0.008598089218139648
0.007863521575927734
0.007802724838256836
0.008096456527709961
0.007868051528930664
0.008115291595458984
0.007947206497192383
0.00824284553527832
0.008161306381225586
0.008977651596069336
0.007723808288574219
0.0076351165771484375
0.007660865783691406
0.01255178451538086
0.014443159103393555
0.01115107536315918
0.01179361343383789
0.013091087341308594
0.010996580123901367
0.0074481964111328125
0.008570671081542969
0.008147478103637695
0.010313749313354492
0.00947880744934082
0.011440753936767578
0.009379386901855469
0.012044668197631836
0.0072994232177734375
0.011849641799926758
0.009597539901733398
0.011552572250366211
0.007788419723510742
0.011254310607910156
