21.774888038635254
21.433337211608887
30.74346661567688
23.86316180229187
25.751338005065918
24.4279203414917
21.624009370803833
24.938178777694702
27.65369749069214
23.821168422698975
24.104732751846313
23.6838436126709
24.587733030319214
24.3669490814209
23.335723876953125
23.881600379943848
23.11110258102417
22.88722801208496
21.763875246047974
24.479936122894287
27.847185850143433
28.121901750564575
28.807628631591797
27.24147081375122
27.563998222351074
27.280420303344727
26.996423721313477
27.438106060028076
27.3978590965271
27.294606924057007
26.81031584739685
28.091058492660522
27.097939014434814
27.01707148551941
27.32627010345459
26.87125277519226
27.674583673477173
27.13169765472412
26.62906765937805
27.184786081314087
