0.0677189826965332
0.04609394073486328
0.04883623123168945
0.04741406440734863
0.04666948318481445
0.04822540283203125
0.04696798324584961
0.04794049263000488
0.05033540725708008
0.04883241653442383
0.04820823669433594
0.04814028739929199
0.04806208610534668
0.04802083969116211
0.04743790626525879
0.047638654708862305
0.047773122787475586
0.04683232307434082
0.048319339752197266
0.0468447208404541
0.06965065002441406
0.05745077133178711
0.06905889511108398
0.061124563217163086
0.05691885948181152
0.08959150314331055
0.05974841117858887
0.09146595001220703
0.08405208587646484
0.05734086036682129
0.0664217472076416
0.06933450698852539
0.05462956428527832
0.06694459915161133
0.04994940757751465
0.07108902931213379
0.06485152244567871
0.05732989311218262
0.0630340576171875
0.06145930290222168
