0.004051923751831055
0.0010161399841308594
0.0007197856903076172
0.0008752346038818359
0.0009009838104248047
0.0008170604705810547
0.0007767677307128906
0.0009884834289550781
0.0010192394256591797
0.0006706714630126953
0.0009276866912841797
0.0007040500640869141
0.0007195472717285156
0.0008845329284667969
0.0009305477142333984
0.0019478797912597656
0.0007910728454589844
0.0007600784301757812
0.0006701946258544922
0.0009806156158447266
0.001865386962890625
0.000896453857421875
0.0006153583526611328
0.002011537551879883
0.0006248950958251953
0.0008373260498046875
0.0006384849548339844
0.0006554126739501953
0.0009064674377441406
0.0008602142333984375
0.0017774105072021484
0.0010578632354736328
0.000835418701171875
0.0006814002990722656
0.0006909370422363281
0.0006499290466308594
0.0008456707000732422
0.0006818771362304688
0.0018541812896728516
0.0008471012115478516
