195.68514275550842
185.69022250175476
176.23408102989197
171.23893356323242
167.7998387813568
170.2845814228058
173.67941117286682
169.78166604042053
172.44724822044373
171.79041647911072
168.59124541282654
175.3809654712677
169.93566417694092
172.15964102745056
170.8939344882965
173.07937288284302
167.80861496925354
169.89691925048828
171.06008625030518
169.06189012527466
220.8580470085144
219.3350338935852
236.2602059841156
222.0632939338684
217.59420609474182
228.07549905776978
216.3215205669403
219.06745409965515
220.1501452922821
191.70363211631775
176.41987466812134
172.76632976531982
174.15421319007874
174.64649105072021
177.11695837974548
171.66774225234985
168.5120394229889
173.54390358924866
181.84571933746338
176.0944788455963
