0.40729284286499023
0.3496973514556885
0.3535342216491699
0.34766411781311035
0.3446183204650879
0.37432217597961426
0.34698915481567383
0.33936166763305664
0.33471202850341797
0.34882164001464844
0.3559529781341553
0.3441503047943115
0.34317660331726074
0.3441448211669922
0.34547996520996094
0.3475356101989746
0.3464510440826416
0.359954833984375
0.33962178230285645
0.3467583656311035
0.48385071754455566
0.4374814033508301
0.451678991317749
0.4535961151123047
0.46512413024902344
0.42800021171569824
0.5574772357940674
0.48343420028686523
0.48303890228271484
0.48656630516052246
0.4784061908721924
0.48593640327453613
0.515559196472168
0.482454776763916
0.49767422676086426
0.43903684616088867
0.4417450428009033
0.5368313789367676
0.4702184200286865
0.4519617557525635
