0.08232426643371582
0.0024728775024414062
0.0022187232971191406
0.00197601318359375
0.002103090286254883
0.0018870830535888672
0.0018923282623291016
0.001984119415283203
0.002178192138671875
0.0021889209747314453
0.0020656585693359375
0.0019903182983398438
0.002081155776977539
0.0017952919006347656
0.0017619132995605469
0.0018091201782226562
0.0017979145050048828
0.0018620491027832031
0.002299785614013672
0.0021224021911621094
0.0022509098052978516
0.002254962921142578
0.0016868114471435547
0.0015287399291992188
0.0016200542449951172
0.002252340316772461
0.002284526824951172
0.0018677711486816406
0.0027418136596679688
0.002233743667602539
0.0021376609802246094
0.005202293395996094
0.0017123222351074219
0.004311323165893555
0.0059468746185302734
0.0020456314086914062
0.002645254135131836
0.002196073532104492
0.0058171749114990234
0.005238533020019531
